2.433304031157081049e+00 -1.000000000000000000e+00
2.468895496298555869e+00 -9.899497487437185494e-01
-7.060695478256340252e-02 -9.798994974874372099e-01
-1.186708907415674030e+00 -9.698492462311557594e-01
2.778853135506131444e+00 -9.597989949748744198e-01
3.119073293513459966e+00 -9.497487437185929693e-01
1.526477317261578648e-01 -9.396984924623115187e-01
2.578001861954958507e+00 -9.296482412060301792e-01
1.788240464194048807e+00 -9.195979899497487287e-01
4.177797533653029305e-01 -9.095477386934673891e-01
9.016481611618876180e-01 -8.994974874371859386e-01
1.675963797074651485e+00 -8.894472361809044880e-01
-8.078764023369204850e-01 -8.793969849246231485e-01
3.227619193772611084e+00 -8.693467336683416979e-01
-1.815255612635951588e+00 -8.592964824120603584e-01
2.366618381274848026e+00 -8.492462311557789079e-01
1.927313522923262523e+00 -8.391959798994974573e-01
-5.680291016659837489e-01 -8.291457286432161178e-01
4.130102804772764480e-01 -8.190954773869346672e-01
1.000421892868359031e+00 -8.090452261306533277e-01
1.091643897855394396e+00 -7.989949748743718771e-01
-2.907172675916153803e+00 -7.889447236180904266e-01
1.816623175903405496e+00 -7.788944723618089760e-01
1.905846711342013666e+00 -7.688442211055276365e-01
9.611145195541187514e-01 -7.587939698492462970e-01
3.074486742794883654e+00 -7.487437185929648464e-01
1.934513326483079165e+00 -7.386934673366833959e-01
-2.881555425979725804e+00 -7.286432160804019453e-01
2.639859856046318232e+00 -7.185929648241206058e-01
-1.000127446750218141e+00 -7.085427135678392663e-01
-3.328818284213375667e-01 -6.984924623115578157e-01
4.451633436042574249e-02 -6.884422110552763652e-01
-1.752291874738893251e-01 -6.783919597989949146e-01
3.804896127790491356e-02 -6.683417085427135751e-01
-8.250630874193255471e-01 -6.582914572864322356e-01
8.226433081043537099e-01 -6.482412060301507850e-01
-4.807136678616529823e-01 -6.381909547738693345e-01
-1.125718323876933269e+00 -6.281407035175878839e-01
-6.403396623028324575e-01 -6.180904522613065444e-01
-1.800130916624848254e+00 -6.080402010050250938e-01
-1.877045303342212756e+00 -5.979899497487437543e-01
-6.790062118325437268e-01 -5.879396984924623037e-01
-1.977598155347322750e+00 -5.778894472361808532e-01
1.182446688363005816e+00 -5.678391959798995137e-01
2.958675271917366345e+00 -5.577889447236180631e-01
-1.293616318628194595e+00 -5.477386934673367236e-01
2.900222339692311913e+00 -5.376884422110552730e-01
1.927423158483756449e+00 -5.276381909547738225e-01
1.134804744278883781e+00 -5.175879396984924830e-01
-1.190523994744452807e+00 -5.075376884422110324e-01
-1.227505582337784951e+00 -4.974874371859296929e-01
-1.846760850065841009e+00 -4.874371859296482423e-01
-2.010867547993208326e+00 -4.773869346733667918e-01
-4.196283768341484977e-01 -4.673366834170854522e-01
4.693065017069036893e-01 -4.572864321608040017e-01
1.871822710370312226e+00 -4.472361809045225511e-01
1.171415076466229221e+00 -4.371859296482412116e-01
-3.588758959365238033e-01 -4.271356783919597611e-01
-9.889348383487939209e-01 -4.170854271356784215e-01
1.451928820287165856e+00 -4.070351758793969710e-01
1.738832399345451751e+00 -3.969849246231155204e-01
-1.833665550895066332e+00 -3.869346733668341809e-01
-4.879478512234302068e-01 -3.768844221105527303e-01
1.764396864551335264e+00 -3.668341708542713908e-01
-7.853351498898248906e-01 -3.567839195979899403e-01
1.237962154250084268e+00 -3.467336683417084897e-01
8.152825445925507841e-01 -3.366834170854271502e-01
-2.403414861223740484e-02 -3.266331658291456996e-01
-1.619776522967692811e+00 -3.165829145728643601e-01
-1.045927317794044908e+00 -3.065326633165829096e-01
-3.308827953282272860e-03 -2.964824120603014590e-01
-6.534668281265921808e-01 -2.864321608040201195e-01
1.031253121402970763e+00 -2.763819095477386689e-01
1.261903982392706070e+00 -2.663316582914573294e-01
-1.193212641419010067e+00 -2.562814070351758788e-01
-4.338189109870180249e-02 -2.462311557788944283e-01
-3.701096853941915343e-01 -2.361809045226130888e-01
1.881754079969648163e+00 -2.261306532663316382e-01
2.218202751467596989e-01 -2.160804020100501877e-01
1.812388799815448870e+00 -2.060301507537688481e-01
-8.011826032499038686e-01 -1.959798994974873976e-01
-2.147315621429200516e-01 -1.859296482412060580e-01
-5.358924732776113586e-01 -1.758793969849246075e-01
1.745386715204094941e+00 -1.658291457286431569e-01
-7.341041088113320345e-01 -1.557788944723618174e-01
1.166042408685169285e+00 -1.457286432160803669e-01
-7.485216951613857805e-01 -1.356783919597990273e-01
-4.839403445690685923e-01 -1.256281407035175768e-01
-1.069569362914499361e-01 -1.155778894472361262e-01
4.340739487832592225e-01 -1.055276381909547867e-01
-2.623019557731351536e+00 -9.547738693467333615e-02
1.047783997063631789e+00 -8.542713567839199662e-02
2.000674109570312054e-01 -7.537688442211054607e-02
-1.471008731460086594e+00 -6.532663316582909552e-02
-3.018818947200427871e+00 -5.527638190954775599e-02
-2.192941587079972887e+00 -4.522613065326630544e-02
-1.426206817927475334e-01 -3.517587939698496591e-02
7.444559916310689029e-01 -2.512562814070351536e-02
1.711530797577818452e+00 -1.507537688442206480e-02
2.085813029984245670e+00 -5.025125628140725276e-03
-1.535624809223816500e+00 5.025125628140614253e-03
1.775641730570589882e-01 1.507537688442206480e-02
-1.189462327369815053e+00 2.512562814070351536e-02
-1.219844558995834660e+00 3.517587939698496591e-02
2.256612691091991474e-01 4.522613065326641646e-02
-3.814423923892286350e+00 5.527638190954764497e-02
3.581591397614786842e+00 6.532663316582909552e-02
2.773375067096550683e+00 7.537688442211054607e-02
-3.095253469981267713e+00 8.542713567839199662e-02
-1.066939473844782604e+00 9.547738693467344717e-02
-9.774169300778948744e-01 1.055276381909548977e-01
-9.421502692651090305e-01 1.155778894472361262e-01
-1.321765338902269882e+00 1.256281407035175768e-01
2.578553625743348565e+00 1.356783919597990273e-01
5.736846658754092276e-01 1.457286432160804779e-01
1.515315096615438506e+00 1.557788944723619284e-01
1.120547255080700744e+00 1.658291457286431569e-01
1.840331109267633880e-01 1.758793969849246075e-01
2.190098549954425433e+00 1.859296482412060580e-01
7.396357047904528192e-01 1.959798994974875086e-01
-3.781611273766277703e-01 2.060301507537689591e-01
-1.107633239514760781e+00 2.160804020100501877e-01
1.333344429831882616e+00 2.261306532663316382e-01
7.716259438843806606e-01 2.361809045226130888e-01
4.387148230081250322e-01 2.462311557788945393e-01
2.195876209731869810e+00 2.562814070351759899e-01
-7.396353944006026637e-01 2.663316582914572184e-01
1.309812755537843376e+00 2.763819095477386689e-01
-1.875741771650469181e+00 2.864321608040201195e-01
2.137388955142531799e+00 2.964824120603015700e-01
4.412104857033325445e+00 3.065326633165830206e-01
-8.066426023749585505e-01 3.165829145728642491e-01
2.707525064914528823e+00 3.266331658291456996e-01
2.514497988911120085e+00 3.366834170854271502e-01
2.166641172404150772e+00 3.467336683417086007e-01
-5.882307880853788751e-01 3.567839195979900513e-01
2.817153006007069305e+00 3.668341708542712798e-01
1.557666563958976180e+00 3.768844221105527303e-01
4.310378743469088114e+00 3.869346733668341809e-01
-3.174312852465344115e-02 3.969849246231156314e-01
-4.232512407431030521e-01 4.070351758793970820e-01
5.571635732207750991e+00 4.170854271356783105e-01
3.837870190654507407e+00 4.271356783919597611e-01
9.462134349701716296e-01 4.371859296482412116e-01
1.890507447919616002e+00 4.472361809045226622e-01
4.182792619005373247e+00 4.572864321608041127e-01
-1.785768865170176412e-01 4.673366834170853412e-01
1.080834111065826608e+00 4.773869346733667918e-01
-1.961337716439799372e-01 4.874371859296482423e-01
1.464772544750203132e+00 4.974874371859296929e-01
2.061225452446813211e+00 5.075376884422111434e-01
3.372202834550277917e+00 5.175879396984925940e-01
1.864598908374595521e+00 5.276381909547738225e-01
1.994930723225191604e+00 5.376884422110552730e-01
2.268270283062835180e+00 5.477386934673367236e-01
4.088700632882448005e+00 5.577889447236181741e-01
1.819295612544096663e+00 5.678391959798996247e-01
4.668371750823929744e+00 5.778894472361808532e-01
2.080172202683550520e+00 5.879396984924623037e-01
4.352583288462989586e+00 5.979899497487437543e-01
1.569486811044684682e+00 6.080402010050252049e-01
2.968775361488107833e+00 6.180904522613066554e-01
4.839522393852938364e+00 6.281407035175878839e-01
4.529207823735051264e+00 6.381909547738693345e-01
4.297623656742834086e+00 6.482412060301507850e-01
7.740971178012538090e+00 6.582914572864322356e-01
3.678866806115204557e+00 6.683417085427136861e-01
7.171816399969588751e+00 6.783919597989949146e-01
7.551536308274319431e+00 6.884422110552763652e-01
5.723843931445979472e+00 6.984924623115578157e-01
9.466259228131422176e+00 7.085427135678392663e-01
5.059665457758105056e+00 7.185929648241207168e-01
5.413289710714916048e+00 7.286432160804019453e-01
8.783557426846693161e+00 7.386934673366833959e-01
9.530693857773862021e+00 7.487437185929648464e-01
7.639163547349416383e+00 7.587939698492462970e-01
5.012935487781668087e+00 7.688442211055277475e-01
8.495138307482493545e+00 7.788944723618089760e-01
9.875717180123418260e+00 7.889447236180904266e-01
7.859183412675572633e+00 7.989949748743718771e-01
1.233808671496503351e+01 8.090452261306533277e-01
9.642407104151450525e+00 8.190954773869347783e-01
1.085129525506944859e+01 8.291457286432160068e-01
4.770712333274012451e+00 8.391959798994974573e-01
1.051949673064454593e+01 8.492462311557789079e-01
1.168727562631617367e+01 8.592964824120603584e-01
1.280605877062968290e+01 8.693467336683418090e-01
1.294197904386345144e+01 8.793969849246230375e-01
1.245281001861810566e+01 8.894472361809044880e-01
1.299870712766894165e+01 8.994974874371859386e-01
1.303148988008059739e+01 9.095477386934673891e-01
1.470790453546194065e+01 9.195979899497488397e-01
1.280041118235926234e+01 9.296482412060300682e-01
1.500959126725601145e+01 9.396984924623115187e-01
1.627365810462059770e+01 9.497487437185929693e-01
1.879795628599353918e+01 9.597989949748744198e-01
2.114436393929909386e+01 9.698492462311558704e-01
1.753120387521833479e+01 9.798994974874373209e-01
1.792288883563167445e+01 9.899497487437185494e-01
2.202209946540240182e+01 1.000000000000000000e+00
