1.663316582914573072e+00 6.211887058715635845e+00
-5.527638190954773378e-01 -9.450993701245482548e-01
3.924623115577889898e+00 1.941728663234269092e+01
5.643216080402010171e+00 7.145133707917460697e+01
5.552763819095477338e+00 8.174736374561892660e+01
6.683417085427135973e+00 8.635607721577579809e+01
5.100502512562814061e+00 6.544354954101962107e+01
6.954773869346734472e+00 1.003527510217880661e+02
1.482412060301507850e+00 1.942911707090443230e+01
3.879396984924623482e+00 5.375343349452039377e+01
4.422110552763819591e+00 5.526309027594633250e+01
5.055276381909547645e+00 4.628692361983141268e+01
3.517587939698518795e-02 -6.052432813687982360e+00
1.618090452261306655e+00 2.104921823969520212e+00
4.693467336683417201e+00 3.068335251620985460e+01
2.613065326633165597e+00 5.165702076809679966e+00
1.527638190954773822e+00 8.545377824743267681e+00
6.728643216080401501e+00 9.817494410870261845e+01
1.798994974874371877e+00 3.372517802836722645e+00
2.206030150753768737e+00 6.303235919009519961e-01
1.211055276381909795e+00 1.527358620240585552e+00
-7.336683417085425596e-01 1.670103902734037860e+01
1.256281407035175768e-01 1.568295818912425332e+01
6.819095477386934334e+00 1.170929659823500515e+02
3.698492462311557816e+00 1.759883272590870718e+01
6.909547738693467167e+00 1.015728682146887536e+02
3.788944723618090649e+00 1.092620641767129541e+01
2.025125628140703959e+00 1.230838196308470778e+01
2.974874371859296929e+00 9.368114712202341821e+00
2.613065326633168262e-01 -4.979332659063354427e+00
3.517587939698492150e-01 -9.963926026459965613e+00
7.000000000000000000e+00 1.236439964360160104e+02
1.391959798994975017e+00 6.243925550127322310e+00
1.844221105527638294e+00 1.625858928256175773e+01
2.296482412060301570e+00 -3.635224370824293061e+00
4.286432160804020342e+00 2.818327673130271904e+01
1.708542713567839932e-01 1.052480996176652006e+01
2.160804020100502321e+00 1.150626811205259337e+01
5.326633165829146144e+00 6.690608482184079264e+01
2.567839195979900069e+00 1.395880561004098830e+01
-9.597989949748744198e-01 9.968424964812372835e+00
6.773869346733668806e+00 1.035219805461430553e+02
3.110552763819095290e+00 3.422096071216026303e+01
5.462311557788945393e+00 8.596790444084182070e+01
6.095477386934673447e+00 7.832511413327158323e+01
-5.527638190954764497e-02 1.017610549065192060e+01
2.251256281407035154e+00 -9.417794158827337725e+00
-8.693467336683415869e-01 1.856250384963801281e+01
-1.457286432160802558e-01 -2.533634040890723860e+00
2.839195979899497679e+00 3.328102074413394007e+01
4.964824120603015700e+00 4.887202843214092240e+01
8.492462311557789079e-01 1.652472378266952191e+01
-6.884422110552763652e-01 -7.259812383251567525e+00
4.648241206030150785e+00 3.884157675808545207e+01
-1.728643216080401945e+00 -1.419895546092708116e+01
1.572864321608040239e+00 1.933648127165972497e+01
1.753768844221105461e+00 1.968945030712422550e+01
-1.773869346733668362e+00 4.400530535892436923e+00
1.437185929648241434e+00 4.238918975867894012e+00
5.869346733668342253e+00 9.411420700611580514e+01
6.321608040201004641e+00 8.898923309117971314e+01
2.929648241206030512e+00 8.401069988367151353e+00
8.944723618090453243e-01 -3.439564144858691108e-01
6.140703517587940752e+00 1.069815402245858280e+02
-1.547738693467336724e+00 -5.095903168226271873e+00
6.412060301507537474e+00 1.005985383812592886e+02
4.422110552763820479e-01 6.804942821423304089e+00
5.417085427135678977e+00 6.315109071779302496e+01
1.075376884422110546e+00 -5.360118798269814633e+00
4.512562814070351536e+00 4.309627041796655789e+01
4.738693467336683618e+00 4.209573784907746585e+01
-1.231155778894472252e+00 -9.606882905137334561e+00
4.557788944723617952e+00 5.877106045422983982e+01
1.346733668341708601e+00 -1.590321181164326525e+00
2.748743718592964846e+00 -1.133501354754837820e+01
6.231155778894471808e+00 9.435592346020271748e+01
5.507537688442210921e+00 5.869978123101505219e+01
4.467336683417086007e+00 3.639778490028515989e+01
-1.276381909547738669e+00 6.398765819476592398e+00
3.065326633165829762e+00 7.830853332466871208e+00
1.708542713567839488e+00 4.273248584753771340e+00
3.653266331658291399e+00 3.672183533154955626e+01
-1.638190954773869334e+00 -1.126258059942646161e+00
3.381909547738693789e+00 2.440422570660108548e+01
4.829145728643216451e+00 5.544006408614136916e+01
2.432160804020100819e+00 2.326180111930262129e+01
-1.140703517587939642e+00 2.002569895208239359e+00
6.185929648241206280e+00 8.770630403886742954e+01
2.386934673366834403e+00 1.651935389305828394e+01
2.341708542713567986e+00 1.031645113173668626e+01
2.703517587939698430e+00 1.525958556379652720e+01
3.834170854271357065e+00 3.813391093009234112e+01
1.120603015075376963e+00 -1.389641194760542042e+00
-1.909547738693466723e-01 -1.068027065355650862e+01
4.060301507537688259e+00 4.060473185574343802e+01
-1.457286432160803891e+00 -1.475877208224003567e+01
4.376884422110553174e+00 6.640094317478035180e+01
6.457286432160804779e+00 9.949480997483621536e+01
8.040201005025124914e-01 1.382005274893866709e+00
5.733668341708543004e+00 6.614003238897618075e+01
-1.005025125628140614e-01 -1.103788306851345702e+01
1.165829145728643379e+00 5.709565707086198039e+00
5.688442211055276587e+00 9.599067735814824687e+01
3.472361809045226622e+00 1.294289510953726463e+01
6.050251256281407919e+00 9.287484321550596178e+01
8.040201005025116032e-02 2.203920423137046214e+01
-1.005025125628122851e-02 2.215928371834279176e+01
5.597989949748743754e+00 8.398593180614167863e+01
2.522613065326633652e+00 2.223442272030407452e+00
-3.266331658291456996e-01 -6.197843320817718826e+00
6.005025125628140614e+00 8.468461403875868143e+01
-1.050251256281407031e+00 -2.302506330282361446e+01
-1.864321608040200973e+00 -2.685731582485746927e+01
-1.321608040201005085e+00 8.659279415994694418e+00
1.889447236180904710e+00 3.718763768770449119e+00
2.658291457286432014e+00 5.289866311600111004e+00
4.874371859296482867e+00 4.567487232866742630e+01
5.190954773869346894e+00 6.357168201670352659e+01
5.824120603015075837e+00 8.981638162568268058e+01
2.115577889447235904e+00 1.689914857807918480e+01
6.864321608040201639e+00 1.292937256316727712e+02
-1.412060301507537696e+00 1.293998395775395949e+01
2.793969849246231263e+00 3.831732435888696386e+01
5.326633165829148808e-01 1.171959709493843960e+01
5.145728643216080478e+00 4.832161620071823904e+01
2.477386934673367236e+00 2.605855061170334608e+01
5.281407035175879727e+00 5.444292084901383078e+01
-1.909547738693467389e+00 -2.079874171374895298e+01
4.919597989949749284e+00 4.680813661191717046e+01
1.301507537688442184e+00 1.461275556728077873e+01
3.336683417085427372e+00 3.365399344851336139e+01
6.638190954773870445e+00 1.018169676444689884e+02
7.135678391959801026e-01 1.597944554999540401e+01
3.155778894472361706e+00 2.124885756850007823e+01
4.783919597989950034e+00 4.639517111644228464e+01
5.959798994974875086e+00 6.239510567901611893e+01
-2.814070351758792832e-01 -2.777873556706789149e+00
-9.145728643216080034e-01 4.083968488710842060e+00
7.587939698492465190e-01 -7.714315393398115006e+00
2.160804020100504097e-01 -4.854016774288711034e+00
3.291457286432160956e+00 1.986514182081043955e+01
-4.170854271356783105e-01 6.393029161854078879e+00
6.276381909547739113e+00 5.229884778013715874e+01
5.010050251256281229e+00 6.122538860664531768e+01
1.030150753768844130e+00 5.136778488597561143e+00
1.934673366834171127e+00 5.712163500779011471e+00
-1.005025125628140614e+00 8.933972007551144401e+00
3.065326633165827985e-01 -8.988160718080283829e+00
5.236180904522613311e+00 4.508419397689353048e+01
-1.185929648241206058e+00 -2.472893508751024427e+00
3.743718592964824232e+00 3.171145283752540678e+01
4.195979899497487509e+00 3.789602330669547570e+01
-4.623115577889447270e-01 -4.807516339195589516e+00
1.979899497487437543e+00 8.460577198958114664e+00
-6.432160804020099487e-01 -2.523513470265946967e+00
-2.361809045226130888e-01 -1.033460055596456151e+01
-1.954773869346733584e+00 -5.325636582534428953e+00
6.592964824120603140e+00 9.322657751299652773e+01
4.331658291457286758e+00 2.600725400574435753e+01
5.914572864321608670e+00 8.074397731555099256e+01
2.884422110552764096e+00 -5.485168678303633527e+00
4.603015075376884369e+00 3.007670630011067914e+01
6.366834170854271946e+00 9.501968315280932131e+01
3.969849246231156314e-01 7.617584542158635230e-01
4.015075376884422731e+00 4.246933407015475836e+01
3.427135678391960205e+00 1.737691870472853850e+01
-1.502512562814070307e+00 9.578162728068775333e-01
-1.683417085427135529e+00 3.084272301898741908e+00
6.683417085427136861e-01 1.394558705066782700e+01
3.562814070351758566e+00 2.634184467353995984e+01
3.201005025125628123e+00 2.792566432324866454e+01
-5.075376884422109214e-01 7.183412069183905402e-01
-5.979899497487437543e-01 2.638992732236351002e-01
5.778894472361808532e-01 1.635310937670472420e+00
5.778894472361809420e+00 6.795766491688942779e+01
-7.788944723618089760e-01 -2.043308000524625712e+01
4.150753768844221092e+00 4.584495509166159621e+01
9.849246231155781572e-01 1.059409088149913458e+01
-8.241206030150753925e-01 1.132913751452212914e+01
3.246231155778894539e+00 2.569858594300439592e+01
6.547738693467337612e+00 9.544117635434467672e+01
3.608040201005024983e+00 2.456328757094046011e+01
6.231155778894472697e-01 -2.446547906723961052e+00
-3.718592964824121161e-01 -2.091634170963814654e+00
4.874371859296484644e-01 1.627189618603924970e+01
2.070351758793970376e+00 -7.825497470748242534e+00
1.256281407035175768e+00 1.291492167102566313e+01
-1.819095477386934778e+00 8.903000471525164272e-01
4.241206030150753925e+00 5.669135832700558808e+01
6.502512562814070307e+00 9.408829403390998891e+01
-1.592964824120603140e+00 -9.265037765294287908e+00
5.371859296482412560e+00 6.478786327485086360e+01
3.020100502512563345e+00 9.979462057636656169e+00
9.396984924623117408e-01 1.327688877229049424e+01
3.517587939698493038e+00 2.964939877145205571e+01
4.105527638190954676e+00 2.269178411459251521e+01
-1.095477386934673447e+00 3.137591109593777627e+00
-2.000000000000000000e+00 -7.097973125619459367e+00
-1.366834170854271280e+00 -1.992833320443253697e+01
3.969849246231156314e+00 4.330079684545076191e+01
