6.532565829792829959e+00 6.133909156518187800e+00
2.759110181202946155e+00 5.697766864620290583e-01
5.725618559942545538e+00 9.909373982896710231e+00
2.570221627002644560e-01 1.383270924476628361e+00
1.178144272695761385e+00 9.682140750758517100e+00
2.672807033914671671e+00 4.924541795156722745e-01
3.219758929113838430e+00 9.224604604418180642e+00
3.999567916187941385e+00 3.078366688552804931e+00
3.579800416589753453e+00 8.079045113764454555e+00
8.545324747215230943e+00 7.042433950900894857e+00
5.543079666045162668e+00 7.587958755888436713e+00
1.298001822034468011e+00 4.256874903148236911e+00
2.120137468100279143e+00 5.844297607549105322e+00
8.952195782063238738e+00 3.108918417374409771e+00
1.143067119697497303e+00 7.590080005352983772e-01
9.582177035822670774e+00 5.781360544216028075e+00
5.565346326349521533e+00 1.727148830891500619e-01
7.723722051816739764e+00 8.680880974471804734e+00
6.390058203134167947e+00 7.133770839385171314e+00
9.082785678925359818e+00 5.315339978250874786e+00
8.589042866296360046e+00 5.539931074216052131e+00
7.034981808525464508e-02 2.526170274196313237e+00
5.536705627319059353e+00 7.188232027075552644e+00
7.969722874322035189e+00 2.546188392609616269e+00
4.886468349101460440e+00 5.870385837919611660e-01
9.157537541706783912e+00 9.770835980225200501e+00
5.355465582116353040e+00 7.413213367372613938e+00
2.670882254786771881e+00 8.585329893425571512e+00
9.232376843270719391e+00 6.143775735379279013e+00
4.480374494425188203e+00 8.940647316682325041e+00
5.760090223426121092e+00 4.614774814835667094e+00
5.948529830499915683e-01 1.186473557719640581e+00
5.286791999187934188e-01 4.413583265463526750e+00
2.861302175521529545e-01 3.088052666574541139e+00
2.980403091732020116e+00 6.634923748276984945e+00
2.071258013162202705e-01 8.040727308840045495e-01
7.889446544110371384e+00 3.138624769710979479e+00
8.511278499193311475e+00 5.406915294555587614e+00
6.761065085787921092e+00 4.044239617902980477e+00
8.340246239968823971e+00 1.166255961435136435e-01
4.955161427637722937e+00 7.702029899085002462e+00
3.511680345994250274e-01 6.711521649633435338e+00
1.181918549725273770e+00 3.775639736195994800e+00
8.685382971750035708e+00 4.243775800275178867e+00
7.424407257424419093e+00 2.258767521461073624e+00
4.907214997598188688e+00 7.773671043094748434e+00
8.236024703384495993e+00 2.261124994368368668e+00
9.247750445732611624e+00 3.385733184653101357e+00
6.695910684596986684e+00 4.264912112680670830e+00
4.259248687777711595e+00 6.123719193831236751e+00
8.138242305890555528e+00 5.828043259649643204e+00
8.540994775913263837e+00 8.353767471741413431e-01
6.241376337961109577e+00 5.344495869023715429e+00
9.141860707607037284e+00 6.773097192582291370e+00
4.312286879368165682e-01 7.027403472339250001e+00
5.394033638470765446e+00 2.833888299974302249e+00
4.276877273417309944e+00 5.512401849073058635e+00
1.526552862787234899e+00 5.283260463661399342e+00
5.544303690341447322e+00 6.390644198158874190e+00
6.121113532610909402e+00 8.867559551450787225e+00
7.389531426583390683e+00 6.615836104580122168e+00
3.703773369601274013e+00 4.390186199886569440e+00
3.770422704438047834e-01 1.110917190241664798e+00
1.047084596554046509e+00 7.523150886636196688e+00
9.382781771021456052e+00 9.235768405158018002e-01
3.455782184727120843e+00 7.401016150408105787e+00
7.197433290387149185e+00 7.818780348926495094e+00
6.635944050688186380e+00 3.785227285980885537e-01
5.624156672818872771e+00 2.665027924354986588e+00
1.277178114266673825e+00 6.322554270306071089e+00
1.439693061806409657e+00 7.818781076991609957e+00
6.067846387986291390e+00 1.065631604009070754e+00
2.069463864498566341e-01 4.337953000430440298e+00
2.392280129428665525e+00 9.498008905861576423e+00
8.653974685792967136e+00 8.744013317409560671e+00
4.861901822154823805e+00 3.482340290665320914e+00
9.410836194329853299e+00 7.327869113734186257e+00
4.941729797470393315e+00 7.128423705697159996e+00
9.545780996503058446e+00 6.154156684278313527e+00
1.010222595845599036e+00 1.745354965247645218e+00
3.883603736455556454e+00 1.317360291375792025e+00
3.696964677804309929e+00 5.293671578422959101e+00
4.239026063559105495e+00 1.577918221532372822e+00
1.120726506781370979e+00 1.582252256486487152e+00
5.330448490323965949e+00 8.594711907230467851e-01
9.610572892798874278e+00 4.035255122111589543e+00
8.171476792804018174e+00 6.803999117387178330e+00
8.334552697574386215e+00 1.573525141820151241e+00
9.205900096475097882e+00 9.389297415553732762e+00
5.909549998209156385e+00 2.562478299295571027e+00
6.589074661393668819e+00 2.167894900259035307e+00
9.742246519857999942e-01 5.858411962362928271e+00
2.995247079695360082e+00 5.365931040434494648e+00
8.204215231660047181e+00 8.880246787764452421e+00
1.745385416195519568e+00 1.843587017852361676e+00
5.379667407362114240e+00 7.077882156464040619e+00
8.805825211074246539e+00 6.012112535221024956e+00
4.030691361889101820e+00 1.591315774240130709e+00
6.290647925624273995e+00 1.228712774978156785e+00
5.684780016772651656e+00 9.419686242918901442e+00
2.832370467641209810e-01 2.492782762133663788e+00
7.065419498157250899e+00 3.893409364654817573e+00
4.825895059529945463e+00 4.319324655505269561e+00
1.575942071461838845e+00 1.003081282678705000e+00
4.485779931247798835e+00 3.103004800203668978e+00
2.378493929841089205e+00 6.481628596819922983e+00
5.432738239368469557e+00 4.238043932137336434e-01
2.936303694475748127e+00 1.946866358841884415e+00
9.641843691163288099e+00 9.776837298086899608e+00
9.536807082881995967e+00 8.983603174595579333e+00
3.787062516090525577e+00 5.185448338095878462e+00
4.344146086520193073e+00 6.346842449919884110e+00
5.325679829186052316e+00 4.623961935990822170e+00
2.561698149875456743e+00 6.043494349928037579e+00
7.747641177426322301e+00 1.045534242078404175e+00
3.735796553075575233e+00 2.139096762373784433e+00
4.403127192647896315e+00 6.727925531609386667e+00
1.771290998133920880e+00 1.654863785640041662e+00
8.681487077682303877e+00 5.985458475418418800e+00
2.783720683026084330e+00 6.405327703604664968e+00
6.183842657667982579e+00 3.332327413915345815e+00
5.575988844625502594e+00 1.339773967130249988e+00
7.708596657480151215e+00 5.599528921189641295e+00
7.250538235154449396e+00 1.996633917681700510e-01
6.824757420947321407e+00 8.049898827271184665e-01
5.303599315231897648e+00 1.782975945376263915e-01
6.602970447310729796e-01 5.393231470064065114e+00
1.114559217775745736e+00 2.359787752588609955e+00
3.062229878387853432e+00 2.723274206146764076e-01
3.986927372374386991e+00 4.981464311455134464e+00
1.240568834433666279e+00 4.454910514759468754e+00
4.402093333655679785e+00 4.429301217419122416e+00
7.774864995240273302e+00 8.318867750835105213e+00
5.517614775627962764e+00 7.777828069261984112e+00
3.527140599905178586e+00 7.822285468703410238e+00
8.467883362544784021e+00 6.228511830677111227e+00
1.777638225555386864e+00 6.221623290915164972e+00
6.931141412514830513e+00 2.043392436598396866e+00
3.905380313045752949e+00 1.081749968145893082e+00
3.074719505536405162e-01 6.250099364653426193e+00
6.909266325252713337e+00 3.608144762933883420e+00
7.650825813964645672e-01 9.779255927030192197e+00
2.042423757219176128e+00 1.337825832322955266e+00
8.121539032175308037e+00 4.621008575124711193e+00
9.567006355918183935e-01 4.973343504313143981e+00
5.390997878291674539e+00 6.524180244788013727e-01
4.882584734921236347e+00 9.122254433201304469e-01
1.020139627585723296e+00 8.172291350061178239e-01
4.994455205494230388e-01 5.509984755339320195e+00
7.829949570082368027e+00 3.785933709370855382e+00
8.067799655325686103e+00 4.865056987821259060e-01
9.862059602167468242e+00 4.006795737316115602e-01
7.001092387088190705e+00 1.776227630145371661e+00
4.618548200874968757e+00 4.439070149295478274e+00
7.163231637636531701e+00 7.967742663175502393e+00
9.555270672617290018e+00 2.057225892625277552e+00
3.424229131884788391e+00 6.635735032906014297e+00
5.854907826678567240e+00 3.160346858527650404e+00
7.504217598415820589e+00 1.732037078113534134e+00
6.394607098989149918e+00 9.636083631088629531e+00
9.711799456332263603e+00 5.374913241279068998e+00
5.739525026695581289e+00 7.086376998685917528e+00
2.308371951928032129e+00 3.335764498230030739e+00
8.778054871466096643e+00 4.704073104164607777e-01
5.652969432699217478e+00 4.993236316226078664e+00
6.959132050618793919e+00 2.755670435659958173e+00
3.381058006339354716e+00 2.000623695050847139e+00
1.412954668271352299e+00 6.735671207282830864e+00
2.212589646507470142e+00 4.719449664201462724e+00
4.858587689940345733e+00 3.973779030323352224e+00
8.846421198809796493e+00 8.426066604235867175e+00
4.286416777749150420e+00 7.544756979505566008e+00
1.234644200333394615e+00 7.800831204684965936e-01
3.729965764192204603e+00 8.870484280337965544e+00
2.504583994057552054e-01 3.080609324662355597e+00
5.662778586488015353e-01 4.195066414081528805e+00
4.002380785185043699e+00 6.859990662894102975e+00
3.682662937424630911e+00 9.925587518238215168e+00
4.917197014276743161e+00 3.913482172517295243e+00
5.397970620443695466e+00 9.196761912088623703e+00
3.935739352806354674e+00 5.932284792052355371e+00
5.097342388858844053e+00 8.221440802554351279e+00
1.451518462777834362e-01 6.236678378352452867e+00
1.395795430138201398e+00 9.338667056116857879e+00
6.926674031265622755e-01 4.467007777240556976e+00
5.054196885325664468e+00 9.355540833249268218e+00
9.239935782744810311e+00 7.144339900210003869e+00
1.786652905773552513e+00 3.935307070172802124e+00
1.318400507635142382e-01 2.206070348165127815e+00
7.620438770120550487e+00 4.225115188547138523e+00
8.819170773778466810e+00 3.097687853941092584e+00
5.356853091189389460e+00 6.188555832652388844e+00
7.054428076995251651e+00 4.791682468685731777e+00
5.365335965137085772e+00 8.954079229095091463e+00
7.555633546654705324e-01 9.585238764257064670e-01
7.038682818072011571e+00 5.218642194417899560e-01
9.320956066285058128e+00 4.432433543488744299e+00
8.757006369226878917e+00 3.563601345660205588e+00
9.312648119174038897e+00 6.237456938939902606e+00
9.026148544718468614e+00 4.430567260983966804e+00
