-4.545454545454544748e-01 3.793968105740619379e-02
5.757575757575759123e-01 1.690913195643729106e+00
-9.797979797979797789e-01 -8.155477089270031232e-01
5.050505050505060822e-02 1.466711975988648664e+00
-4.949494949494949170e-01 -2.251867459359662149e-01
6.969696969696970168e-01 2.441810254593558049e+00
9.090909090909105039e-02 1.672707415375720208e+00
3.939393939393940336e-01 2.427741679810951236e+00
5.353535353535354702e-01 2.282950953303657826e+00
-7.070707070707060726e-02 5.702047003243000400e-01
-8.383838383838383423e-01 -6.912276725297330504e-01
9.191919191919193377e-01 2.802263908203237897e+00
2.323232323232324870e-01 1.904779945062485602e+00
-6.767676767676766847e-01 -5.335041362497983108e-01
-2.323232323232322649e-01 9.062662618095000955e-01
-6.565656565656565746e-01 -8.234688272736927495e-01
3.030303030303049816e-02 1.342029348120930443e+00
-2.525252525252524860e-01 1.570704938713585186e-01
-8.787878787878787845e-01 -7.848804464649692392e-01
-9.595959595959595578e-01 -8.873477547281563016e-01
9.797979797979798899e-01 2.860527955004507739e+00
3.737373737373739235e-01 1.891997129197174887e+00
9.393939393939394478e-01 3.102881506730296390e+00
-5.959595959595959114e-01 -5.829845458358489108e-01
-3.737373737373737015e-01 9.046418109569324129e-01
1.717171717171717127e-01 1.144482259111961442e+00
-1.313131313131312705e-01 1.621371951790960830e-01
-9.393939393939394478e-01 -1.493740470898160755e+00
2.929292929292930392e-01 1.363198507455720687e+00
1.010101010101016605e-02 1.354552556024563481e+00
-3.333333333333332593e-01 1.266157526411716416e-01
-7.171717171717171269e-01 -4.178323324250703408e-01
-3.535353535353534804e-01 -1.176314056261662522e-01
4.949494949494950280e-01 2.149549144607164841e+00
8.181818181818183433e-01 2.441307652663297745e+00
5.151515151515153601e-01 2.253454442257841528e+00
-6.363636363636363535e-01 5.145398057792016644e-02
-5.353535353535352481e-01 7.409297477810605770e-03
2.525252525252525970e-01 1.439903660928282703e+00
-5.151515151515151381e-01 -3.681521264787648295e-01
6.565656565656567967e-01 2.515776752090164603e+00
8.585858585858587855e-01 2.400372977696735965e+00
7.373737373737374590e-01 2.466792999623969251e+00
-8.989898989898990056e-01 -9.150502611385635809e-01
-3.030303030303027612e-02 1.974688760936594845e-01
-6.161616161616161325e-01 -5.956755502600192820e-01
-8.181818181818181213e-01 -7.938455863822722058e-01
-4.747474747474746959e-01 2.568358893387843178e-01
-1.919191919191918227e-01 8.047741903598470969e-02
8.383838383838384534e-01 2.506349945397480461e+00
4.747474747474749179e-01 2.533471959581885091e+00
-5.555555555555555802e-01 3.793178460635036053e-01
-6.969696969696970168e-01 -5.274829407576879792e-01
7.575757575757577911e-01 2.221894567260042308e+00
1.000000000000000000e+00 3.712189282878783025e+00
3.535353535353535914e-01 1.355886266671654017e+00
9.595959595959597799e-01 2.636897653534158614e+00
3.333333333333334814e-01 1.717138748578285856e+00
6.161616161616163545e-01 1.780002458181067393e+00
8.787878787878788955e-01 2.882083184833113876e+00
-1.111111111111110494e-01 5.808833960219921266e-01
3.131313131313131493e-01 1.675966191833083707e+00
7.070707070707071829e-02 1.510813057669375681e+00
6.363636363636364646e-01 2.351453126221220380e+00
1.515151515151516026e-01 6.889367584794056087e-01
-2.121212121212120438e-01 5.322258789332785511e-01
-3.939393939393939226e-01 4.579897800349845838e-01
-8.585858585858585634e-01 -9.240819405235867201e-01
-1.515151515151514916e-01 5.794003463522712227e-01
-4.141414141414141437e-01 9.580703336545182136e-02
5.959595959595960224e-01 2.651167951474978413e+00
-5.757575757575756903e-01 -2.193796183245899645e-01
4.343434343434344758e-01 2.165468555814337392e+00
-9.090909090909082835e-02 6.239456728846981548e-01
7.979797979797982332e-01 2.275252230110635487e+00
-1.000000000000000000e+00 -4.097526037679948274e-01
-9.191919191919192267e-01 -9.299219452135900621e-01
1.919191919191920448e-01 7.520626095144653522e-01
6.767676767676769067e-01 2.077024303543596684e+00
-3.131313131313130382e-01 1.084945625271036551e-01
4.545454545454545858e-01 1.858103647964144400e+00
-1.010101010101005503e-02 8.914365643987813836e-01
-2.929292929292928171e-01 -3.841560330075466378e-01
-7.777777777777777901e-01 -2.636301699906926643e-01
-7.979797979797980112e-01 -1.029534964569281286e+00
-4.343434343434342537e-01 -1.224028642922143639e-01
-7.575757575757575690e-01 -2.243165612230302308e-01
4.141414141414143657e-01 1.490055639662160036e+00
7.171717171717173489e-01 2.819744588822976628e+00
1.313131313131314926e-01 1.541751286955133082e+00
1.111111111111111605e-01 8.531829963701018649e-01
-2.727272727272727071e-01 1.496940873858443322e-01
-5.050505050505038618e-02 9.087954580590347220e-01
2.121212121212121549e-01 1.770131103283688390e+00
7.777777777777779011e-01 1.593362097463960847e+00
5.555555555555555802e-01 2.193309724330636534e+00
-7.373737373737373479e-01 8.941163625799830594e-02
-1.717171717171716017e-01 8.699685558148135822e-01
2.727272727272729291e-01 2.131087405818504088e+00
8.989898989898992276e-01 2.608326019217205527e+00
